%YAML:1.0
Calibration_Time: "Sun May 27 18:04:36 2018"
Image_Width: 640
Image_Height: 480
Calibration_Pattern: ARUCO_SINGLE
Calibration_Flags: "+FIX_K3 +FIX_K4 +FIX_K5 "
Camera_Matrix:
   rows: 3
   cols: 3
   dt: d
   data: [ 7.9137146774637040e+02, 0., 3.3222615329164358e+02, 0.,
       7.9601805529093770e+02, 2.5199387201318362e+02, 0., 0., 1. ]
Distortion_Coefficients:
   rows: 5
   cols: 1
   dt: d
   data: [ 2.2920136385009360e-01, -1.4955416322530510e+00,
       -7.4427691808181162e-04, -2.6298553231006365e-03, 0. ]
Avg_Reprojection_Error: 4.2902657308200670e-01
Per_View_Reprojection_Errors:
   rows: 20
   cols: 1
   dt: f
   data: [ 3.42198163e-01, 1.88639209e-01, 2.79189467e-01,
       3.88088554e-01, 3.33478987e-01, 6.52151763e-01, 7.50155151e-01,
       2.66274214e-01, 3.31730008e-01, 2.70081967e-01, 4.06579196e-01,
       6.48867309e-01, 3.24177027e-01, 2.50037342e-01, 5.77333450e-01,
       2.86146760e-01, 3.04443836e-01, 4.82123375e-01, 2.64654517e-01,
       4.56839502e-01 ]
