%YAML:1.0
Calibration_Time: "Mon May 28 11:26:11 2018"
Image_Width: 1296
Image_Height: 972
Calibration_Pattern: ARUCO_SINGLE
Calibration_Flags: "+FIX_K3 +FIX_K4 +FIX_K5 "
Camera_Matrix: 
   rows: 3
   cols: 3
   dt: d
   data: [ 1.0307662606333474e+03, 0., 6.3294134168589937e+02, 0.,
       1.0338470913864858e+03, 4.9961492705571430e+02, 0., 0., 1. ]
Distortion_Coefficients: 
   rows: 5
   cols: 1
   dt: d
   data: [ 1.3492454441938356e-01, -2.2414687623641336e-01,
       -2.2770505776319324e-03, -1.2103482539796218e-03, 0. ]
Avg_Reprojection_Error: 5.9180104204861206e-01
Per_View_Reprojection_Errors:
   rows: 14
   cols: 1
   dt: f
   data: [ 3.27044040e-01, 7.90374577e-01, 7.37007082e-01,
       7.64918745e-01, 7.03734994e-01, 5.65615654e-01, 5.72418451e-01,
       4.62350786e-01, 6.79288566e-01, 5.00522792e-01, 5.93934953e-01,
       7.16432691e-01, 5.50107062e-01, 8.03189814e-01 ]
